20211211111111
20211211111111
20211211111111
20211211111111
20211211111111
20211211111111
20211211111111
20211211111111
20211211111111
20211211111111
20211211111111
20211211111111
20211211111111
20211211111111
20211211111111
20211211111111
20211211111111
20211211111111
20211211111111
20211211111111
20211211111111
20220221112545
20220221113243
20220221114759
20220221114833
20220221114840
20220221115309
20220221115337
20220221115345
20220221115500
20220221115511
20220221115630
20220221115751
20220221143009
20220221143106
20220221143122
20220221143124
20220221143136
20220221143325
20220221143333
20220221143522
20220221143530
20220221143546
20220221144738
20220221144745
20220221144810
20220221144922
20220221144933
20220221145049
20220221145056
20220221145430
20220221145446
20220221145508
20220221145546
20220221145554
20220221145610
20220221145617
20220221145624
20220221145655
20220221145708
20220221145723
20220221145738
20220221145748
20220221145844
20220221145916
20220221150104
20220221150617
20220221150637
20220221150753
20220221150820
20220221150859
20220221150920
20220221150929
20220221150930
20220221150931
20220221151024
20220221151030
20220221151143
20220221151203
20220221151215
20220221151358
20220221151441
20220221151534
20220221151705
20220221151726
20220221151837
20220221151848
20220221151858
20220221152027
20220221152035
20220221152134
20220221152207
20220221152212
20220221152218
20220221152321
20220221152322
20220221152609
20220221152626
20220221152649
20220221154302
20220221154647
20220221154918
20220221154948
20220221155004
20220221155128
20220221155147
20220221155207
20220221155214
20220221155235
20220221155432
20220221155454
20220221155459
20220221155529
20220221155541
20220221160800
20220221162444
20220221162503
20220221162616
20220221162628
20220221162954
20220221164002
20220221164104
20220221164143
20220221164230
20220221164236
20220221164302
20220221164508
20220221164537
20220221164552
20220221164631
20220221164724
20220221164732
20220221164948
20220221165014
20220221165935
20220221165946
20220221170209
20220221170258
20220221170429
20220221170538
20220221170549
20220221171048
20220221171122
20220221171213
20220221171309
20220221171505
20220221171607
20220221171630
20220221171807
20220221171829
20220221172047
20220221172059
20220221172123
20220221172359
20220221172542
20220221172556
20220221174131
20220221174344
20220221174350
20220221174407
20220221174626
20220221174738
20220221174744
20220221174752
20220221174814
20220221174820
20220221174842
20220221174842
20220221174958
20220221175054
20220221175108
20220221175216
20220221175216
20220221175347
20220221175357
20220221175409
20220221175513
20220221175524
20220221175958
20220221180004
20220221180016
20220221180031
20220221180905
20220221200028
20220221200046
20220221200052
20220221200057
20220221200215
20220221200328
20220221200424
20220221200503
20220221200514
20220221200520
20220221200526
20220222153859
20220222153918
20220222153942
20220222153957
20220222154012
20220222154037
20220222154048
20220222154100
20220222154133
20220222154149
20220222154203
20220222154300
20220222154322
20220222154338
20220222154350
20220222154554
20220222154623
20220222154646
20220222154704
20220222154725
20220222154728
20220222154759
20220222154841
20220222154934
20220222154946
20220222155115
20220222155125
20220222155133
20220222155200
20220222155242
20220222155432
20220222155442
20220222155455
20220222155544
20220222155555
20220222155600
20220222155606
20220222155624
20220222155857
20220222155905
20220222155910
20220222155922
20220222155946
20220222155957
20220222160013
20220222160216
20220222160222
20220222160230
20220222160956
20220222161150
20220222161417
20220222161745
20220222161754
20220222161842
20220222161915
20220222162141
20220222162618
20220222162629
20220222162708
20220222162716
20220222163032
20220222163046
20220222163226
20220222163248
20220222164036
20220222164200
20220222164455
20220222164532
20220222164713
20220222165618
20220222165859
20220222165909
20220222165933
20220222171332
20220222171356
20220222171418
20220222171427
20220222171516
20220222172301
20220222174316
20220222174400
20220222174401
20220222174407
20220222174416
20220222174439
20220222174440
20220222174446
20220222174509
20220222174523
20220222174543
20220222174910
20220222174911
20220222174945
20220222174953
20220222175019
20220222175026
20220222175223
20220222175234
20220222175242
20220222175329
20220222175349
20220222175350
20220222175356
20220222175416
20220222175443
20220222175450
20220222175454
20220222175511
20220222175517
20220222175542
20220222175637
20220222175712
20220222175735
20220222175740
20220222175749
20220222175806
20220222175823
20220222175859
20220222175900
20220222175901
20220222175904
20220222175918
20220222175918
20220222180108
20220222180114
20220222180134
20220222180141
20220222180202
20220222180226
20220222180235
20220222180246
20220222180256
20220222180300
20220222180301
20220222180301
20220222180305
20220222180305
20220222180306
20220222180311
20220222180320
20220222180340
20220222180623
20220222180631
20220222180634
20220222180644
20220222180651
20220222180756
20220222180815
20220222180826
20220222180900
20220222181544
20220222181913
20220222181923
20220222181937
20220222181959
20220222182021
20220222182030
20220222182051
20220222182109
20220222182119
20220222182131
20220222182157
20220222182344
20220222182403
20220222182416
20220222182511
20220222182532
20220222182539
20220222182623
20220222182635
20220222182659
20220222182706
20220222182752
20220222182758
20220222182826
20220222182954
20220222183054
20220222183115
20220222183138
20220222183155
20220222183206
20220222183231
20220222183259
20220222183327
20220222183340
20220222183412
20220222183422
20220222183433
20220222183441
20220222183457
20220222183507
20220222183509
20220222183528
20220222183551
20220222183600
20220222183611
20220222183655
20220222183711
20220222183726
20220222183733
20220222183753
20220222183847
20220222183902
20220222183908
20220222184012
20220222193234
20220222193503
20220222193522
20220222193550
20220222193557
20220222193629
20220222193913
20220222194038
20220222194057
20220222194110
20220222194128
20220222194141
20220222194211
20220222194226
20220222194643
20220222194718
20220222194730
20220222194735
20220222194837
20220222194847
20220222194916
20220222195033
20220222195044
20220222195126
20220222195142
20220222195154
20220222195205
20220222195230
20220222195237
20220222195325
20220222195335
20220222195345
20220222195400
20220222195412
20220222195422
20220222195447
20220222195514
20220222195531
20220222195557
20220222195615
20220222195626
20220222195634
20220222195705
20220222195714
20220222195726
20220222195745
20220222195839
20220222195850
20220222195943
20220222195948
20220222200024
20220222200032
20220222200057
20220222200200
20220222200212
20220222200219
20220222200229
20220222200253
20220222200325
20220222200330
20220222200336
20220222200347
20220222200401
20220222200435
20220222200445
20220222200450
20220222200459
20220222200504
20220222200510
20220222200549
20220222200558
20220222200635
20220222200647
20220222200739
20220222200745
20220222200810
20220222200846
20220222200906
20220222201016
20220222201021
20220222201034
20220222205834
20220222205840
20220222205848
20220222210542
20220222210547
20220222210559
20220222210609
20220222210612
20220222210616
20220222210717
20220222210721
20220222210724
20220222210728
20220222210732
20220222210736
20220222210758
20220222210822
20220222210844
20220222210856
20220222211318
20220222211349
20220222211401
20220222211435
20220222211450
20220222211506
20220222211552
20220222211557
20220222211623
20220222211716
20220222211840
20220222211848
20220222211911
20220222211927
20220222212032
20220222212059
20220222212112
20220222212127
20220222212135
20220222212321
20220222212331
20220222212638
20220222212741
20220222212801
20220222212840
20220222212927
20220222213013
20220222213054
20220222213128
20220222213305
20220222213338
20220222213402
20220222213433
20220222213513
20220222213545
20220222213621
20220222213820
20220222213916
20220222214040
20220222214048
20220222214212
20220222214447
20220222214500
20220222214506
20220222214516
20220222214526
20220222214537
20220222214704
20220222214748
20220222214759
20220222214828
20220222214842
20220223000427
20220223000435
20220223000542
20220223000557
20220223000618
20220223000625
20220223000633
20220223000642
20220223000703
20220223000745
20220223000843
20220223000855
20220223000938
20220223000951
20220223001155
20220223001207
20220223001220
20220223001320
20220223001558
20220223001644
20220223001712
20220223001729
20220223001739
20220223001751
20220223001802
20220223001809
20220223001817
20220223001826
20220223001916
20220223001924
20220223001938
20220223002041
20220223002046
20220223002143
20220223002155
20220223002202
20220223002214
20220223002220
20220223002304
20220223002349
20220223002406
20220223002417
20220223002423
20220223002427
20220223002440
20220223002450
20220223002513
20220223002523
20220223002529
20220223002621
20220223002702
20220223002712
20220223002732
20220223002748
20220223002756
20220223002806
20220223002812
20220223002907
20220223002945
20220223002953
20220223003233
20220223003251
20220223003311
20220223003325
20220223003334
20220223003338
20220223003343
20220223003350
20220223003405
20220223003413
20220223003419
20220223003425
20220223003435
20220223003502
20220223003509
20220223003514
20220223003518
20220223003543
20220223003547
20220223003551
20220223003557
20220223122909
20220223123001
20220223123352
20220223123402
20220223123410
20220223123550
20220223123627
20220223123631
20220223123637
20220223123700
20220223123708
20220223123727
20220223123852
20220223125732
20220223125750
20220223125803
20220223125822
20220223125840
20220223125902
20220223125930
20220223130004
20220223130017
20220223130237
20220223130650
20220223130656
20220223130756
20220223130805
20220223132144
20220223132150
20220223133433
20220223133611
20220223133736
20220223134135
20220223134145
20220223134150
20220223140333
20220223140404
20220223141309
20220223144743
20220223144823
20220223145739
20220223150940
20220223152150
20220223152434
20220223152958
20220223153004
20220223153026
20220223153100
20220223153107
20220223153116
20220223155057
20220223155344
20220223155458
20220223155715
20220223155723
20220223155730
20220223155813
20220223160024
20220223160125
20220223160131
20220223160325
20220223160417
20220223160431
20220223160441
20220223160637
20220223160644
20220223160700
20220223160700
20220223161054
20220223161107
20220223161107
20220223163237
20220223163248
20220223163441
20220223163447
20220223163501
20220223164008
20220223164018
20220223164021
20220223164031
20220223165550
20220223165559
20220223165603
20220223165615
20220223170554
20220223170724
20220223170724
20220223170839
20220223170839
20220223171341
20220223171402
20220223171453
20220223171453
20220223173732
20220223173740
20220223173914
20220223173914
20220223174029
20220223174033
20220223174035
20220223174059
20220223174059
20220223174113
20220223174255
20220223174327
20220223174328
20220223174337
20220223174404
20220223174404
20220223174454
20220223174527
20220223174527
20220223174720
20220223174736
20220223174809
20220223174809
20220223175103
20220223175111
20220223175143
20220223175143
20220223175303
20220223175314
20220223175314
20220223175450
20220223175455
20220223175507
20220223175533
20220223175533
20220223180108
20220223180520
20220223180526
20220223181209
20220223182353
20220223182417
20220223182440
20220223182440
20220223182626
20220223182701
20220223182709
20220223182933
20220223183039
20220223183129
20220223183216
20220223183231
20220223183312
20220223183356
20220223183636
20220223183832
20220223183843
20220223183853
20220223183857
20220223183904
20220223184004
20220223184220
20220223184236
20220223184259
20220223184353
20220223184430
20220223184449
20220223184504
20220223184516
20220223184526
20220223184534
20220223184601
20220223185315
20220223185320
20220223185325
20220223185345
20220223185654
20220223185836
20220223185844
20220223185909
20220223185914
20220223185919
20220223185937
20220223190009
20220223190021
20220223190107
20220223190127
20220223190350
20220223190408
20220223190638
20220223191035
20220223191050
20220223191108
20220223191116
20220223191127
20220223191144
20220223191213
20220223191302
20220223191320
20220223191346
20220223191356
20220223191516
20220223191536
20220223191546
20220223193026
20220223193135
20220223193203
20220223193248
20220223193445
20220223193453
20220223193615
20220223193626
20220223194144
20220223202905
20220223203857
20220223203941
20220223203949
20220223204132
20220223205550
20220223205602
20220223205615
20220223205624
20220223205653
20220223210132
20220223210213
20220223210222
20220223210340
20220223210402
20220223210418
20220223210418
20220223210948
20220223211903
20220223211916
20220223212215
20220223212239
20220223212303
20220223212659
20220223212718
20220223212728
20220223212749
20220223212749
20220223212821
20220223212826
20220223212836
20220223212904
20220223212914
20220223212917
20220223212943
20220223214015
20220223214025
20220223214044
20220223214058
20220223214335
20220223214433
20220223214447
20220223214455
20220223214707
20220223214756
20220223221021
20220223221046
20220223221059
20220223234902
20220223235418
20220223235428
20220223235505
20220223235526
20220223235635
20220223235726
20220223235733
20220223235752
20220223235817
20220223235823
20220223235930
20220223235938
20220223235949
20220224000003
20220224000012
20220224000024
20220224000032
20220224000043
20220224000108
20220224000207
20220224000221
20220224000243
20220224000255
20220224000312
20220224000454
20220224001350
20220224001400
20220224001623
20220224001630
20220224001732
20220224001920
20220224001954
20220224002000
20220224002324
20220224002747
20220224002811
20220224003024
20220224003037
20220224003109
20220224003123
20220224003335
20220224003403
20220224003512
20220224003545
20220224003608
20220224003624
20220224003641
20220224003653
20220224003726
20220224003748
20220224003800
20220224004116
20220224004253
20220224004307
20220224004311
20220224004316
20220224004329
20220224004345
20220224004409
20220224004431
20220224004437
20220224004442
20220224004452
20220224004458
20220224004547
20220224004600
20220224004637
20220224004700
20220224004705
20220224004733
20220224004824
20220224005015
20220224005035
20220224005611
20220224005612
20220224005643
20220224005819
20220224005856
20220224005948
20220224010014
20220224010043
20220224010113
20220224010148
20220224010233
20220224010558
20220224010635
20220224010719
20220224010734
20220224010757
20220224010807
20220224010838
20220224010856
20220224010945
20220224011009
20220224011345
20220224011410
20220224011421
20220224011517
20220224011541
20220224011644
20220224011705
20220224011714
20220224011725
20220224011734
20220224011825
20220224011836
20220224011850
20220224011916
20220224012016
20220224012053
20220224012141
20220224012207
20220224012223
20220224012328
20220224012342
20220224012411
20220224012429
20220224012503
20220224012519
20220224012527
20220224012544
20220224012627
20220224012937
20220224012947
20220224012954
20220224013420
20220224013526
20220224013533
20220224013810
20220224013953
20220224014147
20220224014158
20220224014212
20220224014230
20220224014302
20220224014316
20220224014338
20220224014458
20220224014508
20220224014521
20220224014532
20220224014608
20220224014650
20220224014827
20220224014852
20220224014906
20220224014919
20220224014931
20220224015016
20220224015023
20220224015029
20220224015057
20220224015107
20220224015148
20220224015201
20220224015228
20220224015240
20220224015256
20220224015316
20220224015337
20220224015411
20220224015428
20220224015535
20220224015602
20220224015629
20220224094814
20220224095012
20220224095102
20220224095112
20220224095129
20220224095139
20220224095153
20220224095236
20220224095246
20220224095956
20220224100022
20220224100225
20220224100354
20220224130404
20220224130550
20220224130609
20220224130641
20220224130725
20220224130858
20220224130926
20220224130934
20220224131058
20220224131107
20220224131124
20220224131139
20220224131241
20220224131433
20220224131444
20220224131501
20220224131550
20220224131605
20220224131614
20220224131650
20220224131730
20220224131746
20220224131805
20220224131824
20220224131835
20220224132200
20220224132229
20220224132249
20220224132317
20220224132333
20220224132341
20220224132352
20220224132401
20220224132409
20220224132444
20220224132450
20220224132504
20220224132616
20220224132624
20220224132645
20220224132655
20220224132720
20220224132728
20220224132738
20220224132751
20220224132802
20220224132809
20220224132902
20220224132947
20220224145532
20220224145643
20220224145910
20220224151125
20220224151524
20220224151628
20220224151721
20220224151751
20220224151817
20220224151851
20220224151902
20220224151924
20220224151938
20220224151950
20220224152036
20220224152048
20220224152133
20220224152245
20220224152352
20220224152419
20220224152433
20220224152501
20220224152643
20220224152713
20220224152756
20220224152815
20220224152910
20220224153143
20220224153210
20220224153359
20220224153514
20220224153554
20220224153619
20220224153759
20220224154159
20220224154432
20220224154505
20220224154542
20220224154554
20220224154622
20220224154637
20220224154646
20220224154733
20220224154802
20220224154812
20220224154820
20220224154836
20220224154906
20220224155058
20220224155106
20220224155119
20220224155150
20220224155200
20220224155224
20220224155241
20220224155537
20220224160043
20220224160104
20220224160149
20220224160250
20220224160259
20220224160335
20220224160419
20220224160429
20220224160609
20220224160621
20220224160636
20220224160656
20220224160714
20220224160728
20220224160740
20220224160818
20220224160831
20220224160840
20220224160859
20220224160907
20220224161301
20220224161352
20220224161416
20220224161438
20220224161445
20220224161452
20220224161459
20220224161517
20220224161526
20220224161618
20220224161647
20220224161659
20220224161945
20220224162002
20220224162013
20220224162020
20220224162043
20220224162056
20220224162124
20220224162132
20220224162239
20220224162256
20220224162316
20220224162347
20220224163057
20220224163107
20220224163238
20220224163316
20220224163515
20220224163546
20220224163728
20220224163728
20220224163808
20220224163849
20220224163911
20220224163911
20220224163955
20220224164308
20220224164320
20220224164423
20220224164430
20220224164450
20220224164459
20220224164517
20220224164750
20220224164757
20220224164810
20220224164810
20220224164900
20220224164907
20220224164914
20220224164945
20220224164951
20220224165234
20220224165434
20220224165641
20220224165932
20220224165936
20220224165938
20220224170027
20220224170101
20220224170101
20220224170117
20220224170126
20220224170137
20220224170235
20220224170251
20220224170303
20220224170309
20220224170321
20220224170349
20220224170411
20220224170417
20220224170421
20220224170427
20220224170435
20220224170441
20220224170445
20220224170501
20220224170536
20220224170554
20220224170716
20220224170731
20220224170753
20220224170849
20220224170955
20220224171056
20220224171142
20220224171755
20220224171802
20220224171817
20220224171833
20220224171900
20220224171912
20220224171947
20220224171955
20220224172019
20220224172206
20220224172349
20220224172404
20220224172412
20220224172518
20220224172544
20220224172607
20220224172608
20220224172720
20220224172742
20220224172749
20220224173351
20220224173406
20220224173622
20220224174110
20220224174147
20220224174252
20220224174410
20220224174416
20220224174454
20220224174521
20220224174549
20220224175607
20220224175637
20220224175815
20220224175821
20220224175942
20220224180012
20220224180356
20220224180408
20220224180602
20220224181226
20220224181234
20220224181337
20220224181359
20220224181548
20220224181700
20220224181757
20220224181939
20220224182003
20220224182018
20220224182047
20220224182056
20220224182211
20220224182230
20220224182347
20220224182354
20220224182357
20220224184028
20220224184057
20220224184332
20220224184336
20220224184420
20220224184450
20220224184610
20220224184718
20220224184940
20220224185010
20220224185043
20220224185328
20220224185412
20220224185422
20220224185449
20220224185459
20220224185506
20220224185727
20220224185917
20220224185926
20220224185956
20220224190028
20220224190219
20220224190459
20220224190518
20220224190527
20220224190636
20220224190702
20220224191334
20220224191443
20220224191522
20220224191544
20220224191602
20220224191619
20220224191654
20220224191726
20220224191758
20220224191825
20220224192230
20220224192254
20220224192510
20220224192551
20220224192609
20220224193115
20220224193144
20220224193153
20220224193200
20220224193221
20220224193231
20220224193237
20220224193311
20220224193635
20220224193829
20220224193836
20220224193859
20220224194054
20220224194101
20220224194101
20220224194101
20220224194101
20220224194101
20220224194101
20220224194101
20220224194101
20220224194101
20220224194101
20220224194101
20220224194101
20220224194101
20220224194101
20220224194101
20220224194101
20220224194101
20220224194101
20220224194101
20220224194101
20220224194101
20220224194101
20220224194101
20220224194101
20220224194101
20220224194101
20220224194101
20220224194101
20220224194101
20220224194101
20220224194101
20220224194101
20220224194101
20220224194101
20220224194101
20220224194101
20220224194101
20220224194101
20220224194101
20220224194101
20220224194101
20220224194101
20220224194101
20220224194101
20220224194101
20220224194101
20220224194101
20220224194101
20220224194101
20220224194101
20220224194101
20220224194101
20220224194101
20220224194101
20220224194101
20220224194101
20220224194101
20220224194101
20220224194101
20220224194101
20220224194101
20220224194101
20220224194101
20220224194101
20220224194101
20220224194101
20220224194101
20220224194101
20220224194101
20220224194101
20220224194101
20220224194101
20220224194101
20220224194101
20220224194101
20220224194101
20220224194101
20220224194101
20220224194101
20220224194101
20220224194101
20220224194101
20220224194101
20220224194101
20220224194101
20220224194101
20220224194101
20220224194101
20220224194101
20220224194101
20220224194101
20220224194101
20220224194101
20220224194101
20220224194101
20220224194101
20220224194101
20220224194101
20220224194101
20220224194101
20220224194101
20220224194101
20220224194101
20220224194101
20220224194101
20220224194101
20220224194101
20220224194101
20220224194101
20220224194101
20220224194101
20220224194101
20220224194101
20220224194101
20220224194101
20220224194101
20220224194101
20220224194101
20220224194101
20220224194101
20220224194101
20220224194101
20220224194101
20220224194101
20220224194101
20220224194101
20220224194101
20220224194101
20220224194101
20220224194101
20220224194101
20220224194101
20220224194101
20220224194101
20220224194101
20220224194101
20220224194101
20220224194101
20220224194101
20220224194101
20220224194101
20220224194101
20220224194101
20220224194101
20220224194101
20220224194101
20220224194101
20220224194101
20220224194101
20220224194101
20220224194101
20220224194101
20220224194101
20220224194101
20220224194101
20220224194101
20220224194101
20220224194101
20220224194101
20220224194101
20220224194101
20220224194101
20220224194101
20220224194101
20220224194101
20220224194101
20220224194101
20220224194101
20220224194101
20220224194101
20220224194101
20220224194101
20220224194101
20220224194101
20220224194101
20220224194101
20220224194101
20220224194101
20220224194101
20220224194101
20220224194101
20220224194101
20220224194101
20220224194101
20220224194101
20220224194101
20220224194101
20220224194101
20220224194101
20220224194101
20220224194101
20220224194101
20220224194101
20220224194101
20220224194101
20220224194101
20220224194101
20220224194101
20220224194101
20220224194101
20220224194101
20220224194101
20220224194101
20220224194101
20220224194101
20220224194101
20220224194101
20220224194101
20220224194101
20220224194101
20220224194101
20220224194101
20220224194101
20220224194101
20220224194101
20220224194101
20220224194101
20220224194101
20220224194101
20220224194101
20220224194101
20220224194101
20220224194101
20220224194101
20220224194101
20220224194101
20220224194101
20220224194101
20220224194101
20220224194101
20220224194101
20220224194101
20220224194101
20220224194101
20220224194101
20220224194101
20220224194101
20220224194101
20220224194101
20220224194101
20220224194101
20220224194101
20220224194101
20220224194101
20220224194101
20220224194101
20220224194101
20220224194101
20220224194101
20220224194101
20220224194101
20220224194101
20220224194101
20220224194101
20220224194101
20220224194101
20220224194101
20220224194101
20220224194101
20220224194101
20220224194101
20220224194101
20220224194101
20220224194101
20220224194101
20220224194101
20220224194101
20220224194101
20220224194101
20220224194101
20220224194101
20220224194101
20220224194101
20220224194101
20220224194101
20220224194101
20220224194101
20220224194101
20220224194101
20220224194101
20220224194101
20220224194101
20220224194101
20220224194101
20220224194101
20220224194101
20220224194101
20220224194101
20220224194101
20220224194101
20220224194101
20220224194101
20220224194101
20220224194101
20220224194101
20220224194101
20220224194101
20220224194101
20220224194101
20220224194101
20220224194101
20220224194101
20220224194101
20220224194101
20220224194101
20220224194101
20220224194101
20220224194101
20220224194101
20220224194101
20220224194101
20220224194101
20220224194101
20220224194101
20220224194101
20220224194101
20220224194101
20220224194101
20220224194101
20220224194101
20220224194101
20220224194101
20220224194101
20220224194101
20220224194101
20220224194101
20220224194101
20220224194101
20220224194101
20220224194101
20220224194101
20220224194101
20220224194101
20220224194101
20220224194101
20220224194101
20220224194101
20220224194101
20220224194101
20220224194101
20220224194101
20220224194101
20220224194101
20220224194101
20220224194101
20220224194101
20220224194101
20220224194101
20220224194101
20220224194101
20220224194101
20220224194101
20220224194101
20220224194101
20220224194101
20220224194101
20220224194101
20220224194101
20220224194101
20220224194101
20220224194101
20220224194101
20220224194101
20220224194101
20220224194101
20220224194101
20220224194101
20220224194101
20220224194101
20220224194101
20220224194101
20220224194101
20220224194101
20220224194101
20220224194101
20220224194101
20220224194101
20220224194101
20220224194101
20220224194101
20220224194101
20220224194101
20220224194101
20220224194101
20220224194101
20220224194101
20220224194101
20220224194101
20220224194101
20220224194101
20220224194101
20220224194125
20220224194133
20220224214429
20220224214938
20220224214938
20220224215457
20220224215539
20220224215539
20220224215539
20220224215539
20220224215539
20220224215909
20220224215931
20220224220036
20220224220043
20220224220215
20220224221643
20220224221704
20220224221718
20220224221718
20220224221938
20220224221944
20220224221954
20220224222233
20220224222238
20220224222249
20220224222323
20220224222326
20220224222328
20220224222335
20220224222404
20220224222404
20220224222428
20220224222437
20220224222437
20220224222539
20220224222545
20220224222551
20220224222557
20220224222605
20220224222605
20220224222629
20220224222638
20220224222638
20220224223218
20220224223222
20220224223723
20220224223734
20220224223831
20220224223837
20220224223906
20220224223914
20220224223939
20220224223958
20220224224201
20220224224445
20220224224459
20220224224511
20220224224547
20220224224611
20220224224731
20220224224748
20220224224839
20220224224849
20220224224904
20220224224915
20220224224940
20220224224945
20220224225056
20220224225104
20220224225143
20220224225333
20220224225428
20220224225538
20220224225613
20220224225704
20220224225706
20220224225720
20220224225728
20220224225804
20220224230045
20220224230107
20220224230229
20220224230330
20220224230338
20220224230355
20220224230402
20220224230410
20220224230414
20220224230751
20220224230755
20220224230818
20220224230833
20220224230855
20220224230947
20220224231006
20220224231102
20220224231253
20220224231303
20220224231333
20220224231422
20220224231428
20220224231436
20220224231444
20220224231511
20220224231717
20220224231754
20220224231832
20220224233528
20220224233636
20220224233648
20220224233655
20220224233921
20220224233940
20220224233953
20220224234038
20220224234052
20220224234115
20220224234143
20220224234233
20220224234354
20220225142840
20220225142915
20220225142926
20220225142942
20220227032339
20220227032957
20220227041241
20220227045822
20220227052950
20220227153342
20220227153700
20220227153719
20220227153808
20220227153823
20220227154029
20220227154054
20220227154103
20220227154136
20220227154156
20220227154208
20220227154232
20220227154252
20220227154300
20220227154306
20220227154316
20220227154326
20220227154435
20220227154647
20220227154721
20220227154751
20220227154929
20220227155039
20220227155048
20220227155104
20220227155628
20220227155716
20220227155736
20220227155840
20220227155924
20220227160318
20220227160346
20220227160430
20220227160457
20220227160511
20220227160525
20220227160535
20220227161025
20220227161205
20220227161224
20220227161307
20220227161322
20220227161340
20220227161355
20220227161403
20220227161410
20220227161420
20220227161432
20220227161439
20220227161456
20220227161828
20220227161854
20220227161908
20220227161958
20220227162005
20220227162033
20220227162132
20220227162230
20220227162256
20220227162315
20220227162338
20220227162359
20220227162440
20220227162453
20220227162557
20220227162605
20220227162647
20220227162656
20220227162842
20220227162958
20220227163055
20220227163107
20220227163127
20220227163400
20220227163416
20220227163427
20220227163445
20220227163516
20220227163542
20220227163641
20220227163714
20220227163819
20220227163827
20220227163846
20220227163905
20220227163923
20220227163947
20220227164003
20220227164026
20220227164032
20220227164039
20220227164052
20220227164113
20220227164322
20220227164355
20220227164415
20220227164444
20220227164523
20220227165223
20220227165412
20220227165456
20220227165513
20220227165532
20220227165705
20220227165821
20220227165833
20220227165930
20220227170132
20220227170304
20220227170314
20220227170356
20220227170427
20220227170458
20220227170702
20220227170727
20220227170804
20220227170834
20220227170907
20220227171009
20220227171050
20220227171115
20220227171131
20220227171320
20220227171358
20220227171441
20220227171527
20220227171538
20220227171630
20220227171707
20220227171725
20220227171735
20220227172711
20220227172721
20220227172725
20220227172802
20220227172816
20220227172828
20220227172844
20220227173020
20220227173109
20220227173202
20220227173213
20220227173254
20220227173304
20220227173417
20220227173442
20220227173647
20220227173657
20220227173702
20220227174453
20220227201341
20220227202737
20220227202910
20220227202936
20220227203002
20220227203026
20220227203100
20220227203154
20220227203300
20220227203313
20220227203342
20220227203359
20220227203410
20220227203518
20220227203520
20220227203648
20220227203718
20220227203736
20220227203805
20220227203825
20220227203837
20220227204012
20220227204028
20220227204053
20220227204131
20220227204427
20220227204443
20220227204700
20220227204826
20220227204906
20220227204924
20220227204957
20220227205145
20220227205157
20220227205208
20220227205215
20220227205952
20220227210002
20220227210026
20220227210139
20220227210200
20220227210230
20220227210245
20220227210448
20220227210513
20220227210558
20220227210622
20220227210703
20220227210754
20220227210809
20220227210818
20220227211018
20220227212535
20220227212610
20220227212644
20220227212908
20220227212920
20220227212950
20220227213007
20220227213246
20220227213259
20220227213312
20220227213329
20220227213540
20220227213619
20220227213750
20220227213814
20220227214020
20220227214021
20220227214022
20220227214045
20220227214056
20220227214134
20220227214237
20220227214259
20220227221657
20220227221705
20220227235604
20220227235634
20220227235639
20220227235656
20220227235656
20220227235736
20220227235745
20220227235749
20220227235907
20220227235926
20220228000014
20220228000131
20220228000142
20220228000553
20220228000601
20220228000614
20220228000638
20220228000901
20220228000913
20220228000921
20220228000925
20220228000938
20220228001207
20220228001309
20220228001316
20220228001326
20220228002558
20220228002610
20220228002617
20220228002651
20220228002651
20220228002708
20220228002713
20220228002713
20220228002720
20220228002731
20220228002731
20220228002746
20220228002750
20220228002758
20220228002758
20220228002811
20220228002832
20220228002833
20220228005219
20220228005243
20220228005834
20220228005953
20220228010608
20220228012255
20220228012507
20220228012618
20220228012704
20220228012758
20220228094206
20220228094229
20220228094242
20220228094307
20220228094325
20220228094337
20220228094432
20220228094442
20220228094459
20220228094529
20220228094604
20220228094618
20220228094629
20220228094644
20220228094701
20220228094739
20220228094806
20220228094905
20220228095047
20220228095544
20220228095613
20220228100148
20220228100226
20220228100234
20220228100334
20220228100358
20220228100408
20220228100430
20220228100445
20220228100455
20220228100505
20220228100529
20220228100546
20220228100555
20220228100604
20220228100624
20220228100630
20220228100714
20220228100735
20220228101512
20220228103431
20220228103555
20220228104248
20220228104451
20220228104502
20220228104643
20220228113125
20220228113135
20220228113215
20220228113229
20220228113351
20220228113403
20220228113409
20220228113421
20220228113450
20220228113509
20220228113518
20220228113559
20220228113647
20220228113716
20220228113737
20220228113808
20220228114009
20220228114242
20220228114349
20220228114426
20220228114458
20220228114520
20220228114543
20220228114629
20220228114646
20220228114857
20220228115105
20220228115113
20220228115127
20220228115200
20220228115216
20220228115235
20220228115521
20220228120014
20220228120101
20220228120733
20220228120945
20220228121110
20220228121216
20220228121322
20220228121326
20220228121341
20220228121443
20220228121519
20220228121543
20220228121604
20220228121638
20220228121708
20220228121733
20220228121749
20220228121814
20220228122016
20220228122110
20220228122120
20220228122253
20220228122300
20220228122318
20220228122325
20220228122333
20220228122400
20220228122420
20220228122430
20220228122551
20220228122629
20220228122647
20220228122655
20220228122712
20220228122803
20220228122818
20220228122829
20220228122927
20220228123030
20220228123157
20220228123216
20220228123309
20220228123327
20220228123340
20220228123356
20220228123416
20220228123528
20220228123611
20220228123627
20220228123639
20220228123655
20220228123744
20220228123816
20220228123833
20220228123853
20220228123906
20220228123919
20220228123935
20220228123956
20220228124006
20220228124259
20220228124318
20220228124503
20220228124616
20220228124637
20220228124646
20220228124706
20220228124749
20220228124922
20220228124927
20220228124953
20220228125005
20220228125933
20220228130009
20220228130019
20220228130058
20220228132632
20220228132736
20220228132741
20220228132744
20220228132806
20220228132853
20220228132901
20220228133009
20220228133033
20220228133111
20220228133140
20220228133304
20220228133321
20220228133342
20220228133359
20220228133433
20220228133438
20220228133454
20220228133511
20220228133601
20220228133609
20220228133640
20220228133653
20220228133702
20220228133727
20220228133750
20220228133904
20220228133917
20220228133949
20220228142119
20220228142137
20220228142147
20220228142210
20220228142214
20220228142225
20220228142301
20220228142310
20220228142357
20220228151019
20220228151037
20220228151052
20220228151101
20220228151115
20220228151140
20220228151149
20220228151205
20220228151236
20220228151304
20220228151335
20220228151415
20220228151420
20220228151502
20220228151558
20220228151610
20220228151715
20220228151724
20220228151729
20220228151758
20220228151809
20220228160654
20220228160841
20220228160922
20220228160947
20220228160956
20220228161010
20220228161022
20220228161035
20220228161039
20220228161100
20220228161104
20220228161148
20220228161155
20220228161227
20220228161244
20220228161334
20220228161406
20220228161456
20220228161500
20220228161507
20220228161546
20220228161608
20220228161651
20220228161748
20220228161755
20220228161830
20220228161837
20220228161856
20220228161906
20220228161924
20220228161946
20220228162005
20220228162141
20220228162206
20220228162231
20220228162242
20220228162248
20220228162310
20220228162316
20220228162331
20220228162341
20220228162356
20220228162418
20220228162424
20220228162502
20220228162537
20220228162602
20220228162620
20220228162633
20220228162752
20220228162829
20220228162834
20220228162840
20220228162853
20220228162951
20220228162954
20220228163002
20220228163008
20220228163219
20220228163239
20220228163329
20220228163414
20220228163419
20220228163422
20220228163505
20220228163542
20220228163656
20220228163716
20220228163723
20220228163751
20220228163801
20220228163832
20220228163907
20220228163925
20220228163953
20220228164057
20220228164400
20220228164601
20220228165107
20220228165125
20220228165138
20220228165232
20220228165547
20220228165657
20220228165825
20220228170328
20220228170337
20220228170346
20220228170348
20220228174255
20220228175001
20220228175032
20220228175353
20220228175401
20220228175406
20220228175449
20220228175634
20220228180147
20220228180148
20220228181002
20220228181521
20220228181551
20220228182627
20220228182648
20220228183219
20220228184006
20220228184034
20220228184043
20220228184054
20220228184103
20220228184201
20220228184223
20220228184231
20220228184847
20220228184901
20220228184906
20220228184916
20220228185255
20220228185319
20220228185324
20220228185338
20220228185417
20220228185626
20220228185703
20220228185813
20220228190255
20220228190301
20220228190324
20220228190338
20220228190630
20220228190749
20220228190943
20220228191046
20220228191356
20220228191411
20220228191552
20220228192039
20220228192423
20220228192724
20220228212416
20220228212442
20220228212513
20220228212653
20220228212734
20220228212751
20220228212855
20220228213009
20220228213056
20220228213124
20220228213250
20220228213306
20220228213321
20220228230949
20220228231110
20220228231136
20220228231153
20220228231204
20220228231212
20220228231301
20220228231313
20220228231335
20220228232032
20220228232253
20220228232306
20220228232332
20220228232605
20220228232649
20220228232735
20220228232802
20220228232819
20220228233104
20220228233124
20220228234643
20220228234720
20220228234752
20220228234849
20220228235052
20220228235106
20220228235135
20220301001135
20220301001234
20220301001305
20220301001612
20220301001649
20220301001756
20220301001818
20220301001838
20220301001906
20220301002038
20220301002049
20220301002633
20220301002648
20220301002727
20220301002749
20220301002800
20220301002832
20220301003107
20220301003739
20220301004310
20220301005131
20220301005152
20220301005159
20220301005237
20220301005324
20220301005341
20220301005427
20220301005558
20220301005625
20220301005634
20220301005710
20220301005722
20220301005823
20220301005908
20220301005923
20220301005941
20220301010000
20220301010007
20220301010154
20220301010250
20220301010301
20220301010307
20220301010456
20220301010637
20220301010652
20220301010705
20220301010714
20220301010729
20220301010742
20220301010802
20220301010840
20220301010901
20220301010909
20220301010922
20220301010937
20220301010954
20220301011005
20220301011041
20220301011103
20220301011126
20220301162156
20220301163709
20220301164226
20220301164733
20220301164937
20220301164955
20220301165021
20220301165034
20220301165111
20220301165258
20220301165323
20220301165415
20220301165421
20220301165533
20220301165751
20220301165944
20220301170825
20220301170926
20220301171006
20220301171558
20220301171620
20220301171627
20220301171757
20220301171804
20220301172208
20220301172323
20220301172334
20220301172502
20220301173600
20220301174100
20220301174155
20220301174254
20220301174349
20220301174406
20220301174631
20220301174712
20220301174726
20220301174932
20220301174942
20220301174952
20220301175017
20220301175030
20220301175042
20220301175147
20220301175201
20220301175238
20220301175255
20220301175335
20220301175343
20220301175357
20220301175458
20220301175510
20220301175537
20220301175601
20220301175614
20220301175659
20220301175718
20220301175736
20220301175826
20220301180306
20220301180514
20220301180517
20220301180601
20220301180605
20220301180606
20220301180621
20220301180714
20220301180820
20220301180923
20220301180953
20220301181003
20220301181015
20220301181030
20220301181046
20220301181115
20220301181124
20220301181204
20220301181213
20220301181216
20220301181230
20220301181237
20220301181252
20220301181258
20220301181330
20220301181335
20220301181344
20220301181349
20220301181355
20220301181402
20220301181411
20220301181417
20220301181419
20220301181433
20220301181457
20220301181601
20220301181610
20220301181616
20220301181710
20220301181716
20220301181741
20220301181749
20220301181805
20220301181810
20220301181821
20220301181823
20220301181840
20220301181848
20220301181900
20220301181916
20220301181927
20220301181934
20220301181945
20220301182023
20220301182034
20220301182040
20220301182116
20220301182124
20220301182140
20220301182151
20220301182158
20220301182301
20220301182318
20220301182333
20220301182546
20220301182601
20220301182806
20220301182819
20220301182828
20220301182849
20220301182900
20220301182910
20220301182924
20220301182931
20220301182937
20220301183016
20220301183023
20220301183033
20220301183118
20220301183136
20220301183142
20220301183222
20220301183232
20220301183329
20220301183412
20220301183637
20220301183731
20220301183847
20220301183937
20220301183951
20220301184001
20220301184011
20220301184103
20220301184125
20220301184145
20220301184200
20220301184321
20220301184420
20220301184431
20220301184442
20220301184459
20220301184511
20220301184522
20220301184536
20220301184603
20220301184658
20220301184707
20220301184711
20220301184716
20220301184722
20220301184807
20220301184835
20220301184851
20220301185012
20220301185026
20220301185043
20220301185112
20220301185317
20220301185350
20220301185641
20220301185726
20220301185852
20220301191145
20220301191156
20220301191905
20220301191945
20220301191955
20220301192111
20220301192147
20220301192208
20220301192422
20220301192438
20220301192459
20220301192550
20220301193106
20220301194209
20220301194258
20220301194322
20220301194334
20220301194433
20220301194456
20220301194618
20220301194715
20220301194742
20220301194756
20220301194856
20220301195031
20220301195135
20220301195319
20220301195955
20220301200303
20220301200318
20220301200403
20220301200610
20220301201354
20220301201410
20220301214432
20220301214506
20220301214531
20220301214543
20220301215047
20220301215214
20220301215328
20220301215342
20220301215503
20220301215515
20220301220058
20220301220256
20220301220310
20220301220326
20220301220342
20220301220407
20220301220416
20220301220445
20220301220532
20220301220556
20220301220620
20220301220702
20220301220805
20220301220851
20220301220911
20220301221357
20220301221510
20220302000259
20220302000310
20220302000440
20220302000449
20220302000912
20220302001115
20220302001313
20220302001733
20220302001815
20220302002008
20220302002117
20220302002144
20220302002152
20220302004757
20220302004807
20220302004829
20220302004931
20220302004945
20220302005020
20220302005120
20220302005129
20220302005209
20220302005314
20220302005329
20220302005355
20220302005410
20220302005436
20220302005458
20220302005551
20220302005610
20220302005701
20220302005715
20220302005734
20220302005757
20220302005807
20220302005816
20220302005923
20220302005929
20220302010852
20220302011933
20220302011957
20220302012046
20220302012053
20220302012101
20220302012105
20220302012116
20220302012124
20220302012404
20220302012433
20220302012527
20220302012541
20220302012624
20220302012641
20220302012658
20220302012706
20220302012712
20220302013234
20220302013300
20220302013427
20220302013524
20220302014216
20220302014228
20220302014347
20220302014407
20220302015139
20220302015725
20220302015822
20220302020226
20220302020254
20220302020257
20220302020514
20220302020519
20220302020522
20220302021219
20220302021931
20220302021956
20220302021957
20220302022054
20220302022055
20220302022105
20220302022146
20220302022146
20220302022839
20220302023012
20220302023246
20220302023302
20220302023351
20220302023459
20220302023501
20220302023505
20220302023529
20220302023532
20220302023925
20220302023930
20220302024819
20220302025240
20220302025325
20220302025332
20220302025607
20220302025609
20220302025710
20220302025805
20220302025827
20220302025927
20220302030005
20220302030053
20220302030109
20220302030125
20220302030332
20220302030346
20220302030407
20220302030459
20220302030551
20220302030611
20220302030702
20220302030858
20220302030916
20220302030951
20220302031016
20220302031124
20220302031144
20220302031200
20220302031230
20220302031303
20220302031303
20220302031318
20220302031350
20220302031408
20220302031417
20220302031921
20220302031937
20220302032300
20220302032455
20220302032732
20220302032759
20220302032917
20220302033041
20220302033212
20220302033231
20220302033320
20220302033332
20220302033401
20220302033517
20220302033643
20220302034021
20220302034446
20220302034504
20220302034842
20220302034942
20220302035117
20220302035142
20220302035211
20220302035418
20220302035504
20220302035546
20220302035625
20220302035658
20220302035734
20220302035802
20220302035830
20220302154358
20220302154500
20220302154511
20220302154520
20220302154555
20220302154624
20220302154700
20220302154958
20220302160606
20220302160622
20220302160635
20220302160705
20220302165249
20220302165255
20220302165420
20220302165504
20220302165605
20220302165619
20220302165805
20220302165825
20220302165835
20220302165847
20220302170011
20220302170031
20220302170116
20220302170241
20220302170250
20220302170300
20220302170320
20220302170341
20220302170440
20220302170940
20220302171122
20220302171131
20220302171224
20220302171244
20220302171329
20220302171407
20220302171451
20220302171546
20220302171559
20220302171817
20220302171834
20220302171850
20220302171938
20220302172032
20220302172110
20220302172131
20220302172135
20220302172140
20220302172217
20220302172230
20220302172245
20220302172316
20220302172337
20220302172356
20220302172501
20220302172546
20220302172559
20220302172716
20220302172727
20220302172738
20220302172749
20220302173007
20220302173048
20220302173109
20220302173119
20220302173224
20220302173240
20220302173255
20220302173305
20220302173316
20220302173326
20220302173337
20220302173454
20220302173502
20220302173515
20220302173606
20220302173656
20220302173730
20220302173817
20220302174027
20220302174348
20220302174406
20220302174413
20220302174428
20220302175159
20220302175314
20220302204847
20220302204915
20220302205054
20220302205116
20220302205143
20220302205235
20220302205302
20220302205322
20220302205429
20220302210708
20220302210724
20220302210801
20220302210837
20220302210900
20220302212507
20220302214121
20220302214139
20220302214240
20220302214317
20220302214335
20220302214423
20220302214530
20220302214705
20220302214724
20220302214743
20220302214746
20220302214750
20220302214847
20220302214913
20220302214947
20220302214954
20220302215013
20220302215057
20220302215058
20220302215105
20220302215243
20220302215244
20220302215252
20220302215254
20220302215417
20220302215435
20220302215855
20220302215951
20220302220044
20220302220054
20220302220120
20220302220135
20220302220146
20220302220230
20220302220311
20220302220325
20220302220421
20220302220658
20220302220706
20220302220932
20220302220954
20220302221630
20220302221749
20220303000335
20220303000458
20220303000517
20220303000928
20220303000931
20220303000959
20220303001033
20220303001108
20220303001115
20220303001126
20220303001143
20220303001744
20220303001821
20220303001846
20220303001920
20220303001940
20220303002116
20220303092747
20220303092757
20220303092808
20220303092812
20220303092838
20220303093103
20220303093114
20220303093127
20220303093201
20220303093237
20220303093253
20220303093336
20220303093551
20220303093629
20220303093708
20220303093730
20220303093815
20220303094044
20220303094059
20220303094155
20220303094645
20220303094649
20220303094731
20220303094735
20220303094749
20220303094800
20220303094850
20220303094902
20220303095330
20220303095336
20220303095343
20220303095407
20220303095546
20220303095550
20220303095612
20220303095613
20220303095613
20220303095613
20220303095613
20220303095627
20220303095628
20220303095628
20220303095628
20220303095628
20220303095628
20220303095628
20220303095628
20220303095628
20220303095628
20220303095708
20220303095709
20220303095807
20220303095855
20220303095914
20220303095928
20220303095957
20220303100008
20220303100133
20220303100210
20220303100403
20220303100424
20220303100441
20220303100548
20220303100608
20220303100648
20220303100653
20220303101010
20220303101027
20220303101241
20220303101331
20220303101345
20220303101613
20220303101622
20220303101644
20220303101647
20220303101740
20220303101758
20220303101917
20220303102157
20220303102336
20220303102343
20220303102349
20220303102433
20220303102443
20220303102604
20220303102626
20220303102648
20220303102659
20220303102705
20220303102723
20220303102736
20220303102813
20220303102833
20220303102842
20220303102912
20220303102939
20220303102949
20220303103015
20220303103041
20220303103047
20220303103114
20220303103138
20220303103153
20220303103208
20220303103224
20220303103236
20220303103243
20220303103429
20220303103436
20220303103531
20220303103536
20220303103638
20220303103843
20220303103940
20220303104149
20220303104155
20220303104322
20220303104359
20220303104410
20220303104419
20220303104429
20220303104441
20220303104451
20220303104456
20220303104553
20220303104616
20220303105649
20220303105722
20220303105733
20220303105850
20220303110019
20220303110027
20220303110036
20220303110043
20220303110103
20220303110123
20220303110234
20220303110329
20220303110431
20220303110439
20220303110451
20220303110524
20220303110545
20220303110621
20220303111415
20220303111454
20220303111543
20220303111618
20220303111704
20220303111715
20220303111758
20220303111939
20220303112018
20220303112029
20220303112111
20220303112145
20220303112211
20220303112302
20220303112319
20220303112421
20220303112448
20220303112517
20220303112526
20220303112545
20220303112644
20220303112700
20220303112715
20220303112746
20220303112755
20220303112809
20220303112822
20220303113009
20220303113025
20220303113052
20220303113138
20220303113203
20220303113223
20220303113320
20220303113328
20220303113424
20220303113519
20220303113521
20220303113527
20220303113556
20220303113648
20220303113749
20220303113816
20220303113834
20220303113911
20220303113937
20220303114646
20220303114716
20220303114817
20220303114903
20220303114913
20220303114917
20220303123240
20220303123323
20220303123344
20220303123400
20220728154910
20220728154916
20220728154923
20220728155029
20220728155033
20220728155035
20220728155330
20220728155419
20220728155452
20220728155455
20220728155459
20220728155536
20220728155544
20220728155626
