20220221143001
20220221200022
20220222153851
20220222172255
20220222211343
20220223155338
20220223163241
20220224192505
20220227052944
20220227213321
20220227235919
20220301105732
20220301110635
20220301111057
20220301111126
20220301111949
20220301154103
20220301154536
20220301154551
20220301154600
20220301154633
20220301154641
20220301154741
20220301154812
20220301154830
20220301155013
20220301155042
20220301155119
20220301155207
20220301155335
20220301155638
20220301155812
20220301155844
20220301155959
20220301160130
20220301160151
20220301160202
20220301160213
20220301160228
20220301160239
20220301160318
20220301160552
20220301160701
20220301160717
20220301160936
20220301161150
20220301161209
20220301161358
20220301161455
20220301161954
20220301162107
20220301162146
20220301162202
20220301162342
20220301162516
20220301162538
20220301162551
20220301162643
20220301162704
20220301162918
20220301162933
20220301163231
20220301163333
20220301163347
20220301163400
20220301163407
20220301163446
20220301163457
20220301163628
20220301163646
20220301163714
20220301163815
20220301163843
20220301164056
20220301164123
20220301164649
20220301164713
20220301172613
20220301172644
20220301172715
20220301172750
20220301172824
20220301172935
20220301173001
20220301173036
20220301173225
20220301173248
20220301173311
20220301173329
20220301173411
20220301173422
20220301173505
20220301173528
20220301173550
20220302175307
20220302213753
20220302213855
20220302213914
20220302214109
20220302214114
20220302214137
20220302214151
20220302214234
20220302214244
20220302214328
20220302214524
20220302214738
20220302214748
20220302214841
20220302215008
20220302220224
20220302220319
20220302220419
20220302221624
20220303000340
20220303000452
20220303000920
20220303000925
20220303000956
20220303001113
20220303001138
20220303001739
20220303001818
20220303001839
20220303001844
20220303001932
20220303001937
20220303092809
20220303092810
20220303093112
20220303093251
20220303093706
20220303094057
20220303094648
20220303094733
20220303094747
20220303094758
20220303094848
20220303095334
20220303100131
20220303101024
20220303101239
20220303104614
20220303105647
20220303110034
20220303112317
20220303112658
20220303113136
20220303113936
20220303114644
20220303115017
20220303115021
20220303123236
20220728154905
20220728155247
20220728155327
20220728155416
20230515011301
